8.330007403856143e-07
3.750010364456102e-07
5.83999280934222e-07
4.1700150177348405e-07
3.749992174562067e-07
7.500002539018169e-07
2.5000008463393897e-07
6.669997674180195e-07
5.830006557516754e-07
5.829988367622718e-07
4.159992386121303e-07
5.000001692678779e-07
5.420006345957518e-07
6.995900002948474e-05
7.062500117172021e-05
4.579997039400041e-07
3.749992174562067e-07
5.83999280934222e-07
6.659993232460693e-07
2.779200076474808e-05
4.004199945484288e-05
3.8624999433523044e-05
3.949999882024713e-05
4.283300040697213e-05
4.199999966658652e-05
4.174999958195258e-05
3.912499960279092e-05
4.325000008975621e-05
4.258399894752074e-05
4.400000034365803e-05
4.2584000766510144e-05
4.329100011091214e-05
3.837500116787851e-05
4.2083000153070316e-05
4.295899998396635e-05
4.204200013191439e-05
3.330005711177364e-07
1.6600097296759486e-07
4.1600105760153383e-07
2.9100010578986257e-07
2.9100010578986257e-07
5.830006557516754e-07
2.5000008463393897e-07
4.1700150177348405e-07
3.812500108324457e-05
3.991599987784866e-05
3.8624999433523044e-05
4.075000106240623e-05
4.191699918010272e-05
5.0083999667549506e-05
4.179200004728045e-05
4.12499994126847e-05
9.733399929245934e-05
7.091600127751008e-05
4.120800076634623e-05
8.340011845575646e-07
5.830006557516754e-07
4.479200106288772e-05
4.483299926505424e-05
4.1541999962646514e-05
4.4082999011152424e-05
6.659993232460693e-07
1.45800004247576e-06
6.249993020901456e-07
5.420006345957518e-07
5.000001692678779e-07
4.1700150177348405e-07
0.00010083300003316253
0.00011816699952760246
7.75420012359973e-05
9.624999984225724e-05
4.600000102072954e-05
4.1666000470286235e-05
4.1416000385652296e-05
4.341600106272381e-05
5.830006557516754e-07
1.0000003385357559e-06
2.0799961930606514e-07
5.000001692678779e-07
4.5900014811195433e-07
1.249991328222677e-07
3.749992174562067e-07
1.0830008250195533e-06
5.000001692678779e-07
4.12499994126847e-05
0.00011029200140910689
7.141599962778855e-05
4.1291999878012575e-05
4.270899989933241e-05
