6.108299930929206e-05
4.3000000005122274e-05
4.466700011107605e-05
4.2334000681876205e-05
3.330005711177364e-07
3.330005711177364e-07
4.0249999074148946e-05
4.1416000385652296e-05
3.9791000745026395e-05
4.1958999645430595e-05
3.2500000088475645e-05
4.083400017407257e-05
3.9541000660392456e-05
4.1957999201258644e-05
4.579997039400041e-07
2.4500001018168405e-05
4.3000000005122274e-05
4.266599898983259e-05
3.96249997720588e-05
3.858299896819517e-05
3.879100040649064e-05
5.945900011283811e-05
3.7542000427492894e-05
3.975000072387047e-05
4.120799894735683e-05
4.162500044913031e-05
3.899999865097925e-05
2.741699972830247e-05
4.1125000279862434e-05
4.2458001189515926e-05
2.7584001145442016e-05
3.654100146377459e-05
5.2416000471566804e-05
2.941699858638458e-05
6.841600043117069e-05
4.037500002596062e-05
5.000001692678779e-07
4.999983502784744e-07
4.169996827840805e-07
5.410001904238015e-07
4.5900014811195433e-07
5.410001904238015e-07
5.410001904238015e-07
2.0900006347801536e-07
3.750010364456102e-07
4.169996827840805e-07
4.337499922257848e-05
3.8124999264255166e-05
3.7125000744708814e-05
0.0001465840014134301
8.641599924885668e-05
3.4500000765547156e-05
4.0625000110594556e-05
4.254200030118227e-05
4.0082999475998804e-05
3.895899862982333e-05
4.13330017181579e-05
3.9665999793214723e-05
2.0799961930606514e-07
3.340010152896866e-07
5.000001692678779e-07
4.159992386121303e-07
3.339991963002831e-07
4.1600105760153383e-07
2.5000008463393897e-07
4.283400085114408e-05
4.149999949731864e-05
4.17909996031085e-05
4.1457999031990767e-05
7.35829999030102e-05
4.141699901083484e-05
4.5900014811195433e-07
4.5900014811195433e-07
4.159992386121303e-07
3.330005711177364e-07
4.5900014811195433e-07
4.1700150177348405e-07
5.000001692678779e-07
5.000001692678779e-07
4.179200004728045e-05
3.6625000575440936e-05
3.8624999433523044e-05
4.57499991171062e-05
4.35840011050459e-05
4.07920015277341e-05
3.7082998460391536e-05
4.216599882056471e-05
4.5124999815016054e-05
4.787500074598938e-05
3.950000063923653e-05
4.3999998524668626e-05
4.187499871477485e-05
4.283400085114408e-05
7.500002539018169e-07
1.6700141713954508e-07
1.1669999366858974e-06
4.5900014811195433e-07
3.833399932773318e-05
4.2584000766510144e-05
4.579997039400041e-07
5.000001692678779e-07
2.5000008463393897e-07
4.579997039400041e-07
5.420006345957518e-07
3.750010364456102e-07
4.0583001464256085e-05
4.169996827840805e-07
5.000001692678779e-07
5.420006345957518e-07
4.169996827840805e-07
2.8625001505133696e-05
4.137499854550697e-05
3.945900061808061e-05
5.000001692678779e-07
1.6699959815014154e-07
2.920005499618128e-07
4.5900014811195433e-07
4.999983502784744e-07
4.579997039400041e-07
5.410001904238015e-07
5.000001692678779e-07
3.3499998608022e-05
3.404199924261775e-05
4.133400034334045e-05
3.9999998989515007e-05
7.283299964910839e-05
3.8249998397077434e-05
4.1666000470286235e-05
5.000001692678779e-07
4.070800059707835e-05
3.929100057575852e-05
7.241700041049626e-05
3.591700078686699e-05
3.7165998946875334e-05
3.566699888324365e-05
4.483399970922619e-05
4.4458000047598034e-05
3.970900070271455e-05
4.508300116867758e-05
6.669997674180195e-07
8.330007403856143e-07
2.0900006347801536e-07
2.9199873097240925e-07
4.169996827840805e-07
4.159992386121303e-07
5.410001904238015e-07
8.33999365568161e-07
4.337499922257848e-05
3.416700019442942e-05
4.1500001316308044e-05
4.041700049128849e-05
4.199999966658652e-05
2.6749999960884452e-05
3.96249997720588e-05
5.829988367622718e-07
5.410001904238015e-07
6.249993020901456e-07
3.750010364456102e-07
7.910002750577405e-07
6.659993232460693e-07
2.920005499618128e-07
7.910002750577405e-07
5.000001692678779e-07
2.5000008463393897e-07
4.579997039400041e-07
4.1700150177348405e-07
6.249993020901456e-07
2.7332998797646724e-05
4.137500036449637e-05
0.00010741699952632189
7.079997885739431e-07
5.000001692678779e-07
2.920005499618128e-07
5.410001904238015e-07
4.5900014811195433e-07
7.308299973374233e-05
4.0082999475998804e-05
2.245799987576902e-05
4.0249999074148946e-05
4.062499829160515e-05
4.012499994132668e-05
3.8915999539312907e-05
4.0749999243416823e-05
3.9792001189198345e-05
7.233299947984051e-05
7.26670004951302e-05
7.054100024106447e-05
4.4083999455324374e-05
4.808300036529545e-05
4.1700150177348405e-07
4.169996827840805e-07
