4.375000025902409e-05
4.479199924389832e-05
4.291699951863848e-05
4.4041000364813954e-05
4.1957999201258644e-05
4.362499930721242e-05
4.400000034365803e-05
4.24169993493706e-05
4.0459000956616364e-05
4.333299875725061e-05
4.179200004728045e-05
4.3666999772540294e-05
4.316700142226182e-05
4.149999949731864e-05
4.508299934968818e-05
4.2499999835854396e-05
4.4874999730382115e-05
3.833299888356123e-05
4.383400118967984e-05
4.199999966658652e-05
5.2583000069716945e-05
4.40419989899965e-05
4.0458000512444414e-05
4.583400004776195e-05
4.24169993493706e-05
4.554200131678954e-05
4.1916000554920174e-05
4.4042000808985904e-05
4.749999970954377e-05
4.5000000682193786e-05
5.400000009103678e-05
4.5667000449611805e-05
4.054200144310016e-05
4.429200089361984e-05
4.169996827840805e-07
5.419988156063482e-07
5.000001692678779e-07
3.749992174562067e-07
4.5800152292940766e-07
2.9100010578986257e-07
6.249993020901456e-07
5.410001904238015e-07
4.579997039400041e-07
4.169996827840805e-07
3.750010364456102e-07
4.1600105760153383e-07
